Offset   Hex Data                                          Characters
=======  ================================================  =================
$000000  DD 06 02 65 10 00 46 15  01 00 46 15 C3 CD C4 D3  ]..e..F. ..F.CMDS
$000010  D9 53 C8 C7 D2 CC C9 42  C8 C7 D2 D3 D0 D2 C9 D4  YSHGRLIB HGRSPRIT
$000020  45 00 88 88 83 33 38 88  88 88 83 33 11 33 38 88  E....38. ...3.38.
$000030  83 31 11 11 11 13 38 33  11 11 11 11 11 33 33 11  .1....83 .....33.
$000040  11 11 11 11 33 33 11 11  11 11 11 33 33 11 11 11  ....33.. ...33...
$000050  11 11 33 33 11 11 11 11  11 33 33 11 11 11 11 11  ..33.... .33.....
$000060  33 83 31 11 11 11 13 38  88 83 33 11 33 38 88 88  3.1....8 ..3.38..
$000070  88 83 33 38 88 88 88 88  83 33 38 88 88 88 83 33  ..38.... .38....3
$000080  11 33 38 88 83 30 11 00  11 13 38 33 11 00 11 00  .38..0.. ..83....
$000090  11 33 33 00 11 00 11 00  33 33 11 00 11 00 11 33  .33..... 33.....3
$0000A0  33 00 11 00 11 00 33 33  11 00 11 00 11 33 33 00  3.....33 .....33.
$0000B0  11 00 11 00 33 83 31 00  11 00 13 38 88 83 33 00  ....3.1. ...8..3.
$0000C0  33 38 88 88 88 83 33 38  88 88 88 88 83 33 38 88  38....38 .....38.
$0000D0  88 88 83 33 00 33 38 88  83 30 00 00 00 03 38 33  ...3.38. .0....83
$0000E0  00 00 00 00 00 33 33 00  00 00 00 00 33 33 00 00  .....33. ....33..
$0000F0  00 00 00 33 33 00 00 00  00 00 33 33 00 00 00 00  ...33... ..33....
$000100  00 33 33 00 00 00 00 00  33 83 30 00 00 00 03 38  .33..... 3.0....8
$000110  88 83 33 11 33 38 88 88  88 83 33 38 88 88 33 88  ..3.38.. ..38..3.
$000120  88 33 33 33 33 88 88 33  33 88 83 32 22 22 23 38  .3333..3 3..2""#8
$000130  88 33 83 38 83 32 22 22  23 38 83 38 88 83 33 22  .3.8.2"" #8.8..3"
$000140  22 22 22 33 38 88 33 88  33 22 22 22 22 33 88 33  """38.3. 3""""3.3
$000150  88 33 38 33 22 22 33 83  33 88 88 88 83 33 22 22  .383""3. 3....3""
$000160  33 38 88 88 88 33 33 33  22 22 33 33 33 88 33 88  38...333 ""333.3.
$000170  88 88 33 33 88 88 88 33  88 88 33 33 22 22 33 33  ..33...3 ..33""33
$000180  88 88 88 33 88 33 22 22  33 88 33 88 33 88 88 83  ...3.3"" 3.3.3...
$000190  32 23 38 88 88 33 88 88  88 88 33 33 88 88 88 88  2#8..3.. ..33....
$0001A0  33 88 88 33 33 33 33 88  88 33 33 88 83 30 02 20  3..3333. .33..0. 
$0001B0  03 38 88 33 83 38 83 32  20 02 23 38 83 38 88 83  .8.3.8.2  .#8.8..
$0001C0  33 20 02 20 02 33 38 88  33 88 33 02 20 02 20 33  3 . .38. 3.3. . 3
$0001D0  88 33 88 33 38 30 02 20  03 83 33 88 88 88 83 33  .3.380.  ..3....3
$0001E0  20 02 33 38 88 88 88 33  33 30 02 20 03 33 33 88   .38...3 30. .33.
$0001F0  33 88 88 88 33 33 88 88  88 33 88 88 33 30 02 20  3...33.. .3..30. 
$000200  03 33 88 88 88 33 88 33  20 02 33 88 33 88 33 88  .3...3.3  .3.3.3.
$000210  88 83 32 23 38 88 88 33  88 88 88 88 33 33 88 88  ..2#8..3 ....33..
$000220  88 88 33 88 88 33 33 33  33 88 88 33 33 88 83 30  ..3..333 3..33..0
$000230  00 00 03 38 88 33 83 38  83 30 00 00 03 38 83 38  ...8.3.8 .0...8.8
$000240  88 83 33 00 00 00 00 33  38 88 33 88 33 00 00 00  ..3....3 8.3.3...
$000250  00 33 88 33 88 33 38 33  00 00 33 83 33 88 88 88  .3.3.383 ..3.3...
$000260  83 33 00 00 33 38 88 88  88 33 33 30 00 00 03 33  .3..38.. .330...3
$000270  33 88 33 88 88 88 33 33  88 88 88 33 88 88 33 30  3.3...33 ...3..30
$000280  00 00 03 33 88 88 88 33  88 33 00 00 33 88 33 88  ...3...3 .3..3.3.
$000290  33 88 88 83 30 03 38 88  88 33 88 88 88 88 33 33  3...0.8. .3....33
$0002A0  88 88 88 88 88 83 38 88  88 38 83 88 88 38 83 88  ......8. .8...8..
$0002B0  88 33 33 88 83 38 83 38  83 38 83 38 83 38 83 38  .33..8.8 .8.8.8.8
$0002C0  33 33 33 33 88 33 83 38  33 88 88 38 83 38 83 88  3333.3.8 3..8.8..
$0002D0  83 38 83 38 83 38 83 33  33 33 33 38 83 38 83 38  .8.8.8.3 3338.8.8
$0002E0  83 38 83 38 83 38 83 38  33 88 83 38 88 33 33 33  .8.8.8.8 3..8.333
$0002F0  33 33 33 33 88 83 38 83  38 83 38 83 38 88 88 83  3333..8. 8.8.8...
$000300  38 83 38 83 38 83 38 88  88 33 88 33 88 88 33 88  8.8.8.8. .3.3..3.
$000310  33 88 88 33 33 33 33 33  33 33 33 88 83 38 88 33  3..33333 333..8.3
$000320  83 38 33 88 83 38 83 38  83 38 83 38 83 38 83 38  .83..8.8 .8.8.8.8
$000330  33 88 83 38 83 38 83 38  88 33 33 38 33 33 33 33  3..8.8.8 .3383333
$000340  33 33 33 33 88 88 88 22  22 22 22 88 88 88 88 88  3333..." """.....
$000350  88 22 11 11 22 88 88 88  88 88 88 22 11 11 22 88  .".."... ..."..".
$000360  88 88 88 82 22 11 11 11  11 22 28 88 22 22 22 11  ...."... ."(.""".
$000370  11 11 11 22 22 22 88 22  28 22 11 11 22 82 22 88  ..."""." ("..".".
$000380  88 88 82 22 11 11 22 28  88 88 88 22 22 22 11 11  ...".."( ..."""..
$000390  22 22 22 88 22 22 88 88  22 22 88 88 22 22 88 88  """."".. ""..""..
$0003A0  22 22 11 11 22 22 88 88  88 22 22 22 11 11 22 22  "".."".. ."""..""
$0003B0  22 88 22 22 88 82 21 12  28 88 22 22 88 88 88 88  ".""..!. (.""....
$0003C0  22 22 88 88 88 88 88 88  88 88 22 22 22 22 88 88  ""...... ..""""..
$0003D0  88 88 88 88 88 88 22 11  11 22 88 88 88 88 88 88  ......". ."......
$0003E0  88 82 22 11 11 22 88 88  88 88 88 88 88 22 11 11  .."..".. ....."..
$0003F0  11 11 22 88 88 88 88 88  82 22 11 18 81 11 22 28  .."..... ."...."(
$000400  88 88 88 22 22 22 11 88  88 11 22 22 22 88 22 28  ...""".. .."""."(
$000410  82 22 11 88 88 11 22 28  82 22 88 88 22 28 88 88  ."...."( .".."(..
$000420  88 88 82 22 88 88 88 88  88 22 88 88 88 11 22 88  ...".... ."....".
$000430  88 88 88 88 22 22 11 88  88 11 22 22 88 88 88 22  ...."".. ..""..."
$000440  22 22 11 18 81 11 22 22  22 88 88 88 88 22 11 18  ""...."" "...."..
$000450  81 11 22 88 88 88 88 88  22 22 11 11 11 11 22 22  .."..... ""....""
$000460  88 88 88 22 22 88 22 11  11 22 88 22 22 88 22 28  ..."".". .".""."(
$000470  88 88 88 22 22 88 88 88  82 22 88 88 22 22 22 11  ...""... ."..""".
$000480  11 22 22 22 88 88 88 88  22 28 22 11 11 22 82 22  .""".... "(".."."
$000490  88 88 CC CC CC 77 CC CC  CC CC CC C7 77 7C CC CC  ..LLLwLL LLLGw|LL
$0004A0  CC CC C7 77 7C CC CC CC  CC C7 77 7C CC CC CC CC  LLGw|LLL LGw|LLLL
$0004B0  C7 77 7C CC CC 77 CC 77  66 77 CC 77 77 CC 77 66  Gw|LLwLw fwLwwLwf
$0004C0  77 CC 77 77 CC 77 66 77  CC 77 77 CC 77 77 77 CC  wLwwLwfw LwwLwwwL
$0004D0  77 77 CC 77 77 77 CC 77  77 CC 77 77 77 CC 77 77  wwLwwwLw wLwwwLww
$0004E0  C7 77 77 77 7C 77 77 77  75 55 57 77 77 77 77 75  Gwww|www uUWwwwwu
$0004F0  55 57 77 77 CC 55 CC CC  55 CC CC 55 CC CC 55 CC  UWwwLULL ULLULLUL
$000500  CC 55 CC CC 55 CC C5 55  5C 55 55 55 88 88 88 88  LULLULEU \UUU....
$000510  88 88 88 88 88 88 88 88  88 88 88 88 88 88 88 88  ........ ........
$000520  88 88 88 88 88 88 88 88  88 88 88 88 00 00 00 00  ........ ........
$000530  00 00 00 00 00 00 00 00  00 00 00 00 00 00 00 00  ........ ........
$000540  00 00 00 00 00 00 00 00  00 54 00 00 30 00 54 00  ........ .T..0.T.
$000550  00 54 00 00 30 1C 34 0E  1A 26 90 14 54 00 00 7A  .T..0.4. .&..T..z
$000560  40 15 0C 10 06 00 26 F2  14 54 00 00 7A 42 15 1C  @.....&r .T..zB..
$000570  18 0E 0C 26 20 10 54 00  00 7A 2E 15 1C 18 0E 0C  ...& .T. .z......
$000580  26 74 10 54 00 00 7A 2C  15 1C 18 0E 0C 26 C8 10  &t.T..z, .....&H.
$000590  54 00 00 7A 2A 15 2A 14  1A 14 0C 26 1C 11 54 00  T..z*.*. ...&..T.
$0005A0  00 7A 34 15 2A 14 1A 14  0C 26 9E 11 54 00 00 7A  .z4.*... .&..T..z
$0005B0  32 15 2A 14 1A 14 0C 26  20 12 54 00 00 7A 30 15  2.*....&  .T..z0.
$0005C0  10 34 08 00 26 A2 12 54  00 00 7A 3A 15 18 10 0C  .4..&".T ..z:....
$0005D0  00 26 C2 12 54 00 00 7A  3C 15 2A 14 10 14 00 26  .&B.T..z <.*....&
$0005E0  F2 12 54 00 00 7A 3E 15  2A 14 1A 14 0C 26 42 13  r.T..z>. *....&B.
$0005F0  54 00 00 7A 36 15 2A 18  2A 11 18 10 26 C4 13 54  T..z6.*. *...&D.T
$000600  00 00 7A 38 15 0E 10 00  00 26 0A 15 54 00 00 7A  ..z8.... .&..T..z
$000610  44 15 20 54 00 00 30 2E  04 53 48 49 50 6A 40 15  D. T..0. .SHIPj@.
$000620  54 00 00 30 2E 06 4D 49  53 53 4C 45 6A 42 15 54  T..0..MI SSLEjB.T
$000630  00 00 30 2E 04 45 47 47  33 6A 2E 15 54 00 00 30  ..0..EGG 3j..T..0
$000640  2E 04 45 47 47 32 6A 2C  15 54 00 00 30 2E 04 45  ..EGG2j, .T..0..E
$000650  47 47 31 6A 2A 15 54 00  00 30 2E 07 53 50 49 44  GG1j*.T. .0..SPID
$000660  45 52 31 6A 30 15 54 00  00 30 2E 07 53 50 49 44  ER1j0.T. .0..SPID
$000670  45 52 32 6A 32 15 54 00  00 30 2E 07 53 50 49 44  ER2j2.T. .0..SPID
$000680  45 52 33 6A 34 15 54 00  00 30 2E 04 57 45 42 31  ER3j4.T. .0..WEB1
$000690  6A 3A 15 54 00 00 30 2E  04 57 45 42 32 6A 3C 15  j:.T..0. .WEB2j<.
$0006A0  54 00 00 30 2E 04 57 45  42 33 6A 3E 15 54 00 00  T..0..WE B3j>.T..
$0006B0  30 2E 06 53 50 4C 41 54  31 6A 36 15 54 00 00 30  0..SPLAT 1j6.T..0
$0006C0  2E 06 53 50 4C 41 54 32  6A 38 15 54 00 00 30 2E  ..SPLAT2 j8.T..0.
$0006D0  05 44 55 4D 4D 59 6A 44  15 54 00 00 30 00 5C 91  .DUMMYjD .T..0.\.
$0006E0  48 05 2D 91 4D 05 31 91  50 05 44 81 58 05 00 91  H.-.M.1. P.D.X...
$0006F0  5B 05 34 81 5E 05 00 81  65 05 00 91 68 05 34 81  [.4.^... e...h.4.
$000700  6B 05 00 81 72 05 00 91  75 05 34 81 78 05 00 81  k...r... u.4.x...
$000710  7F 05 00 91 82 05 34 81  85 05 00 81 8C 05 00 91  ......4. ........
$000720  8F 05 34 81 92 05 00 81  9A 05 00 91 9D 05 34 81  ..4..... ......4.
$000730  A0 05 00 81 A8 05 00 91  AB 05 34 81 AE 05 00 81   ...(... +.4.....
$000740  B6 05 00 91 B9 05 34 81  BC 05 00 81 C3 05 00 91  6...9.4. <...C...
$000750  C6 05 34 81 C9 05 00 81  D0 05 00 91 D3 05 34 81  F.4.I... P...S.4.
$000760  D6 05 00 81 DE 05 00 91  E1 05 34 81 E4 05 00 81  V...^... a.4.d...
$000770  EC 05 00 91 EF 05 34 81  F2 05 00 81 FB 05 00 91  l...o.4. r...{...
$000780  FE 05 34 81 01 06 00 81  08 06 00 91 0B 06 34 81  ~.4..... ......4.
$000790  0E 06 00 91 12 06 2D 81  1C 06 00 91 1F 06 37 81  ......-. ......7.
$0007A0  2B 06 00 91 2E 06 37 81  38 06 00 91 3B 06 37 81  +.....7. 8...;.7.
$0007B0  45 06 00 91 48 06 37 81  52 06 00 91 55 06 37 81  E...H.7. R...U.7.
$0007C0  62 06 00 91 65 06 37 81  72 06 00 91 75 06 37 81  b...e.7. r...u.7.
$0007D0  82 06 00 91 85 06 37 81  8F 06 00 91 92 06 37 81  ......7. ......7.
$0007E0  9C 06 00 91 9F 06 37 81  A9 06 00 91 AC 06 37 81  ......7. )...,.7.
$0007F0  B8 06 00 91 BB 06 37 81  C7 06 00 91 CA 06 37 81  8...;.7. G...J.7.
$000800  D5 06 00 91 D8 06 37 00  C8 C7 D2 CD CF C4 45 10  U...X.7. HGRMODE.
$000810  2D 00 C8 C7 D2 C4 D2 C1  D7 C2 D5 46 10 31 00 D3  -.HGRDRA WBUF.1.S
$000820  D0 D2 C9 D4 C5 C3 CF CD  D0 C9 CC 45 10 34 00 D3  PRITECOM PILE.4.S
$000830  D0 D2 C9 D4 C5 D3 C1 D6  45 10 37 00 D3 D0 D2 C9  PRITESAV E.7.SPRI
$000840  D4 C5 C4 D2 C1 D7 C2 D5  46 10 44 00 00 .. .. ..  TEDRAWBU F.D..   
** END **
